((("PATH" .
   [1 0 0 0])
  ("msgString" .
   [0 0 0 0 0 0 1 0 0])
  ("msg" .
   [1 0 0])
  ("alias" .
   [1 0 0 0 0])
  ("name" .
   [1 0 0 0])
  ("string" .
   [4 0 0 0 0 0])
  ("include" .
   [2 0 0 0 0 0 0])
  ("tests" .
   [4 0 0 0 0])
  ("vector" .
   [2 0 0 0 0 0])
  ("public" .
   [1 0 0 0 0 0])
  ("class" .
   [1 0 0 0 0])
  ("typedef" .
   [1 0 0 0 0 0 0])
  ("namespace" .
   [0 0 0 0 1 0 0 0 0])
  ("using" .
   [1 0 0 0 0])
  ("done" .
   [1 0 0 0])
  ("/bin/" .
   [0 1 0 0 0])
  ("file" .
   [3 0 1 0])
  ("f.bak" .
   [1 0 0 0 0])
  ("../output/" .
   [0 0 0 0 0 0 1 0 0 0])
  ("argv" .
   [1 0 0 0])
  ("main" .
   [1 0 0 0])
  ("then" .
   [1 0 0 0])
  ("output_dir/err." .
   [1 0 0 0 0 0 0 0 0 0 0 0 0 0 0])
  ("output_dir/out" .
   [0 0 0 2 0 0 0 0 0 0 0 0 0 1])
  ("output_dir" .
   [0 0 0 0 0 1 0 0 0 3])
  ("export" .
   [2 0 0 0 0 1])
  ("model" .
   [23 0 0 0 0])
  ("path" .
   [12 0 0 0])
  ("sep" .
   [4 0 0])
  ("sub_v" .
   [7 0 0 0 1])
  ("sub" .
   [3 0 0])
  ("dir_set" .
   [2 0 0 0 0 0 0])
  ("join" .
   [1 0 0 0])
  ("pass" .
   [5 0 0 0])
  ("self" .
   [57 0 0 0])
  ("total_set" .
   [2 0 0 0 0 0 0 0 0])
  ("files" .
   [2 0 0 0 0])
  ("train_v" .
   [4 0 1 0 0 0 0])
  ("train_sub_v" .
   [3 0 0 0 0 2 0 0 0 3 2])
  ("p_v" .
   [4 0 0])
  ("float" .
   [13 0 0 0 0])
  ("n_sub" .
   [3 0 0 0 0])
  ("len" .
   [10 0 0])
  ("train_set" .
   [7 0 4 0 0 0 0 0 0])
  ("for" .
   [16 0 0])
  ("in" .
   [11 0])
  ("if" .
   [16 0])
  ("p_w_v" .
   [1 0 0 4 0])
  ("def" .
   [3 0 0])
  ("test" .
   [7 0 0 0])
  ("test_set" .
   [2 0 0 0 0 0 0 0])
  ("test_v" .
   [1 0 0 0 0 5])
  ("test_sub_v" .
   [1 0 0 0 0 0 1 1 3 0])
  ("test_single" .
   [1 0 0 0 0 0 0 0 0 0 0])
  ("max" .
   [9 0 0])
  ("not" .
   [2 0 1])
  ("int" .
   [5 0 0])
  ("continue" .
   [0 0 0 0 0 1 0 0])
  ("index" .
   [2 0 0 0 0])
  ("return" .
   [8 0 0 0 0 0])
  ("ret" .
   [3 0 0])
  ("print" .
   [24 0 0 0 0])
  ("sys" .
   [14 0 0])
  ("stdout" .
   [8 0 0 0 0 0])
  ("write" .
   [8 0 0 0 0])
  ("line" .
   [4 0 0 0])
  ("100" .
   [1 0 0])
  ("split_line" .
   [0 0 0 0 0 0 1 0 0 0])
  ("else" .
   [5 0 0 0])
  ("yes_cnt" .
   [1 0 0 0 2 0 4])
  ("no_cnt" .
   [1 0 0 2 1 0])
  ("nb_model" .
   [0 0 0 1 0 0 0 0])
  ("train_rate" .
   [0 0 0 0 0 1 0 0 1 0])
  ("init" .
   [2 0 0 0])
  ("set_up" .
   [1 0 0 0 0 1])
  ("train" .
   [1 0 0 0 0])
  ("sefl" .
   [6 0 0 0])
  ("total_yes_cnt" .
   [0 0 0 0 0 0 1 0 0 0 0 0 0])
  ("total_no_cnt" .
   [0 0 0 0 0 0 0 0 1 0 0 0])
  ("import" .
   [3 0 0 0 0 0])
  ("math" .
   [3 0 0 0])
  ("log" .
   [2 0 0])
  ("and" .
   [1 0 0])
  ("or" .
   [2 0])
  ("key" .
   [5 0 0])
  ("items" .
   [1 0 0 0 0])
  ("val" .
   [1 0 0])
  ("while" .
   [2 0 0 0 0])
  ("cnt" .
   [3 0 0])
  ("args" .
   [3 0 0 0])
  ("rate" .
   [7 0 0 0])
  ("dir" .
   [1 0 0])
  ("out" .
   [1 0 0])
  ("err." .
   [1 0 0 0])
  ("cwd" .
   [2 0 0])
  ("set" .
   [1 0 0])
  ("open" .
   [1 0 0 0])
  ("echo" .
   [4 0 0 0])
  ("fsrc" .
   [1 0 0 0])
  ("pelSessionFeature" .
   [0 0 0 0 0 1 0 0 0 0 0 0 0 0 0 0 1])
  ("pelBindFeature" .
   [1 0 0 0 2 1 0 0 0 0 0 0 0 0])
  ("e" .
   [1])
  ("Failure" .
   [0 0 0 0 0 1 0])
  ("XmppEngine" .
   [1 0 0 0 0 0 0 0 0 1])
  ("ERROR_BIND" .
   [0 0 0 1 0 0 0 0 0 0])
  ("defined" .
   [3 0 0 0 0 0 0])
  ("DISABLE_YUV" .
   [0 0 0 1 0 0 0 0 0 0 2])
  ("endif" .
   [3 0 0 0 0])
  ("thread" .
   [1 0 0 0 0 0])
  ("P2PConnectionClient" .
   [0 0 0 0 1 0 0 0 0 0 0 0 0 0 0 0 0 0 1])
  ("const" .
   [2 0 0 0 0])
  ("bool" .
   [1 0 0 0])
  ("AddStanzaHandler" .
   [0 0 0 0 0 0 0 0 0 0 0 0 1 0 0 0])
  ("handler" .
   [4 0 0 0 0 0 0])
  ("stanza_handler" .
   [1 0 0 0 0 0 0 0 0 0 0 0 0 4])
  ("push_back" .
   [0 0 0 0 1 0 0 0 0])
  ("true" .
   [1 0 0 0])
  ("Remove" .
   [1 0 0 0 0 0])
  ("std" .
   [4 0 0])
  ("XmlStanzaHandler" .
   [0 0 0 1 0 0 0 0 0 0 0 0 0 0 0 0])
  ("iterator" .
   [1 0 0 0 0 0 0 0])
  ("find" .
   [6 0 0 0])
  ("remove" .
   [1 0 0 0 0 0])
  ("stanza_handler_" .
   [3 0 0 0 0 0 0 0 0 0 1 0 0 0 6])
  ("begin" .
   [3 0 0 0 0])
  ("end" .
   [5 0 0])
  ("erase" .
   [1 0 0 0 0])
  ("false" .
   [2 0 0 0 0])
  ("size_t" .
   [1 0 0 0 0 0])
  ("size" .
   [1 0 0 0])
  ("HandleStanza" .
   [1 0 0 0 0 0 0 0 0 0 0 0])
  ("stanza" .
   [4 0 0 0 0 0])
  ("data" .
   [1 0 0 0])
  ("str" .
   [1 0 0])
  ("port" .
   [1 0 0 0])
  ("id" .
   [2 0])
  ("File" .
   [1 0 0 0])
  ("unsigned" .
   [0 0 0 1 0 0 0 2])
  ("char" .
   [3 0 0 0])
  ("buf" .
   [6 0 0])
  ("temp" .
   [2 0 0 0])
  ("2048" .
   [1 0 0 0])
  ("break" .
   [1 0 0 0 0])
  ("FILE" .
   [1 0 0 0])
  ("dest" .
   [1 0 0 0])
  ("curl" .
   [1 0 0 0])))
